#define TIME  12  // Define the space-time landscape
#define SPACE 4 // --''--

int realtime[TIME] = \
  { 11, 10, 9, 8, 7, 6, 5, 4, 3, 2, 1, 0 };

// areas = 0 borneo
//         1 wsulaw
//         2 cnewgn
//         3 luzonp

// Landscape varaibles
float area[TIME][SPACE] = \
  {{ 10, 3, 12, 3}, \
   { 10, 3, 12, 3}, \
   { 10, 3, 12, 3}, \
   { 10, 3, 12, 3}, \
   { 10, 3, 12, 3}, \
   { 10, 3, 12, 3}, \
   { 10, 3, 12, 3}, \
   { 10, 3, 12, 3}, \
   { 10, 3, 12, 3}, \
   { 10, 3, 12, 3}, \
   { 10, 3, 12, 3}, \
   { 10, 3, 12, 3}};

// NB - 0 means zero dist or N/A
float dist[TIME][SPACE][SPACE] = \

{{{0,489,2221,1323},  \
  {489,0,1776,1464}, \
  {2221,1776,0,2238}, \
  {1323,1464,2238,0}}, \
 {{0,489,2221,1323},							\
  {489,0,1776,1464}, \
  {2221,1776,0,2238}, \
  {1323,1464,2238,0}}, \
 {{0,489,2221,1323},							\
  {489,0,1776,1464}, \
  {2221,1776,0,2238}, \
  {1323,1464,2238,0}}, \

 {{0,605,2227,1290}, \
  {605,0,1631,1325}, \
  {2227,1631,0,2161}, \
  {1290,1325,2161,0}}, \
 {{0,605,2227,1290}, \
  {605,0,1631,1325}, \
  {2227,1631,0,2161}, \
  {1290,1325,2161,0}}, \
 {{0,605,2227,1290}, \
  {605,0,1631,1325}, \
  {2227,1631,0,2161}, \
  {1290,1325,2161,0}}, \

 {{0,744,2230,1260}, \
  {744,0,1486,1194}, \
  {2230,1486,0,2084}, \
  {1260,1194,2084,0}}, \
 {{0,744,2230,1260}, \
  {744,0,1486,1194}, \
  {2230,1486,0,2084}, \
  {1260,1194,2084,0}}, \
 {{0,744,2230,1260}, \
  {744,0,1486,1194}, \
  {2230,1486,0,2084}, \
  {1260,1194,2084,0}}, \

 {{0,591,1965,1173}, \
  {591,0,1387,1245}, \
  {1965,1387,0,1948}, \
  {1173,1245,1948,0}},
 {{0,591,1965,1173}, \
  {591,0,1387,1245}, \
  {1965,1387,0,1948}, \
	{1173,1245,1948,0}},
 {{0,591,1965,1173}, \
  {591,0,1387,1245}, \
  {1965,1387,0,1948}, \
  {1173,1245,1948,0}}};
